4.000000000000000000e+00 4.017461885320133064e+01
4.000000000000000000e+00 2.673948391424187676e+01
4.000000000000000000e+00 3.067572330035593353e+01
4.000000000000000000e+00 2.769476484825245777e+01
4.000000000000000000e+00 3.737646318206151363e+01
4.000000000000000000e+00 2.966479394838265193e+01
4.000000000000000000e+00 3.736308338453881106e+01
4.000000000000000000e+00 3.163858403911275019e+01
4.000000000000000000e+00 2.636285265292813662e+01
4.000000000000000000e+00 2.917190429162964449e+01
4.000000000000000000e+00 3.244996147917590434e+01
4.000000000000000000e+00 3.223352292257239782e+01
4.000000000000000000e+00 3.448187929913333249e+01
4.000000000000000000e+00 2.636285265292813662e+01
4.000000000000000000e+00 3.725587202039431389e+01
4.000000000000000000e+00 3.570714214271425391e+01
4.000000000000000000e+00 3.498571136907180801e+01
4.000000000000000000e+00 3.606937759374286401e+01
4.000000000000000000e+00 3.405877273185280529e+01
4.000000000000000000e+00 3.605551275463989214e+01
4.000000000000000000e+00 3.689173349139343117e+01
4.000000000000000000e+00 3.310589071449369669e+01
4.000000000000000000e+00 3.067572330035593353e+01
4.000000000000000000e+00 3.034798181098703651e+01
4.000000000000000000e+00 3.182766092567909766e+01
4.000000000000000000e+00 3.667424164178449786e+01
4.000000000000000000e+00 3.368976105584603431e+01
4.000000000000000000e+00 3.593048844644336270e+01
4.000000000000000000e+00 3.218695387886216253e+01
4.000000000000000000e+00 3.576310948449533100e+01
4.000000000000000000e+00 3.664696440361738894e+01
4.000000000000000000e+00 3.303028912982748722e+01
4.000000000000000000e+00 2.555386467836127551e+01
4.000000000000000000e+00 3.671511950137163893e+01
4.000000000000000000e+00 3.269556544854363267e+01
4.000000000000000000e+00 3.612478373637688378e+01
4.000000000000000000e+00 3.394112549695428527e+01
4.000000000000000000e+00 2.714774392099645439e+01
4.000000000000000000e+00 3.312099032335839155e+01
4.000000000000000000e+00 3.293933818400120828e+01
4.000000000000000000e+00 3.657868231634376599e+01
4.000000000000000000e+00 2.981610303175114751e+01
4.000000000000000000e+00 3.128897569432403003e+01
4.000000000000000000e+00 3.424908757908741563e+01
4.000000000000000000e+00 3.653765181289021768e+01
4.000000000000000000e+00 3.616628264005024818e+01
4.000000000000000000e+00 3.352610922848042208e+01
4.000000000000000000e+00 3.646916505762094118e+01
4.000000000000000000e+00 2.898275349237887610e+01
4.000000000000000000e+00 2.800000000000000000e+01
4.000000000000000000e+00 3.757658845611187104e+01
4.000000000000000000e+00 3.269556544854363267e+01
4.000000000000000000e+00 2.711088342345192004e+01
4.000000000000000000e+00 1.841195263952196726e+01
4.000000000000000000e+00 3.525620512760838920e+01
4.000000000000000000e+00 3.700000000000000000e+01
4.000000000000000000e+00 2.801785145224380003e+01
4.000000000000000000e+00 3.351119216023207770e+01
4.000000000000000000e+00 3.232645975048922793e+01
4.000000000000000000e+00 3.269556544854363267e+01
4.000000000000000000e+00 3.170173496829471560e+01
4.000000000000000000e+00 3.660601043544625099e+01
4.000000000000000000e+00 3.179622619116929272e+01
4.000000000000000000e+00 3.132091952673165025e+01
4.000000000000000000e+00 3.556683848755747590e+01
4.000000000000000000e+00 3.590264614203248072e+01
4.000000000000000000e+00 2.842534080710379030e+01
4.000000000000000000e+00 3.321144381083122710e+01
4.000000000000000000e+00 3.321144381083122710e+01
4.000000000000000000e+00 2.947880594596735193e+01
4.000000000000000000e+00 3.383784863137726262e+01
4.000000000000000000e+00 3.573513677041127323e+01
4.000000000000000000e+00 3.001666203960726875e+01
4.000000000000000000e+00 2.681417535558384557e+01
4.000000000000000000e+00 3.590264614203248072e+01
4.000000000000000000e+00 3.400000000000000000e+01
4.000000000000000000e+00 3.687817782917154830e+01
4.000000000000000000e+00 3.657868231634376599e+01
4.000000000000000000e+00 3.926830783214371934e+01
4.000000000000000000e+00 3.274141108748980145e+01
4.000000000000000000e+00 3.871692136521188132e+01
4.000000000000000000e+00 3.753664875824691904e+01
4.000000000000000000e+00 3.292415526630865941e+01
4.000000000000000000e+00 2.882707061079914723e+01
4.000000000000000000e+00 3.902563260217571184e+01
4.000000000000000000e+00 3.762977544445355704e+01
4.000000000000000000e+00 3.051229260478471872e+01
4.000000000000000000e+00 2.949576240750525002e+01
4.000000000000000000e+00 2.988310559496786922e+01
4.000000000000000000e+00 3.817066936798462962e+01
4.000000000000000000e+00 3.494281041931229481e+01
4.000000000000000000e+00 2.805352027821107441e+01
4.000000000000000000e+00 3.404408906109840416e+01
4.000000000000000000e+00 2.495996794869736846e+01
4.000000000000000000e+00 3.244996147917590434e+01
4.000000000000000000e+00 4.095119045888654341e+01
4.000000000000000000e+00 3.284813541131368453e+01
4.000000000000000000e+00 3.569313659514948966e+01
4.000000000000000000e+00 3.190611226708763226e+01
4.000000000000000000e+00 3.196873472629156154e+01
8.000000000000000000e+00 4.172529209005013229e+01
8.000000000000000000e+00 3.926830783214371934e+01
8.000000000000000000e+00 4.076763422127901748e+01
8.000000000000000000e+00 3.287856444554719104e+01
8.000000000000000000e+00 4.275511665286389729e+01
8.000000000000000000e+00 4.045985664828781836e+01
8.000000000000000000e+00 4.293017586733136426e+01
8.000000000000000000e+00 3.531288716601915212e+01
8.000000000000000000e+00 4.319722213291035473e+01
8.000000000000000000e+00 3.973663297261105498e+01
8.000000000000000000e+00 4.109744517606903713e+01
8.000000000000000000e+00 4.267317658670373959e+01
8.000000000000000000e+00 4.136423575989287116e+01
8.000000000000000000e+00 4.355456348076513251e+01
8.000000000000000000e+00 4.338202392696772591e+01
8.000000000000000000e+00 4.044749683231336945e+01
8.000000000000000000e+00 4.203569911396740366e+01
8.000000000000000000e+00 4.172529209005013229e+01
8.000000000000000000e+00 3.754996671103717176e+01
8.000000000000000000e+00 3.966106403010387993e+01
8.000000000000000000e+00 4.171330722922841971e+01
8.000000000000000000e+00 4.362338822237447289e+01
8.000000000000000000e+00 3.954743986657037880e+01
8.000000000000000000e+00 4.003748243833520348e+01
8.000000000000000000e+00 4.549725266430930049e+01
8.000000000000000000e+00 3.408812109811862001e+01
8.000000000000000000e+00 4.014971979976946415e+01
8.000000000000000000e+00 4.064480286580315038e+01
8.000000000000000000e+00 4.200000000000000000e+01
8.000000000000000000e+00 4.179712908801273130e+01
8.000000000000000000e+00 4.029888335921977216e+01
8.000000000000000000e+00 4.038564101261734152e+01
8.000000000000000000e+00 2.700000000000000000e+01
8.000000000000000000e+00 4.422668877499196327e+01
8.000000000000000000e+00 4.148493702538308270e+01
8.000000000000000000e+00 4.397726685459204532e+01
8.000000000000000000e+00 3.671511950137163893e+01
8.000000000000000000e+00 4.316248370981447380e+01
8.000000000000000000e+00 4.093897898091744025e+01
8.000000000000000000e+00 4.173727350941841507e+01
8.000000000000000000e+00 4.427188724235731598e+01
8.000000000000000000e+00 3.187475490101845566e+01
8.000000000000000000e+00 3.649657518178931781e+01
8.000000000000000000e+00 3.819685850956855688e+01
8.000000000000000000e+00 4.183300132670377991e+01
8.000000000000000000e+00 4.442971978304612435e+01
8.000000000000000000e+00 4.054626986542658784e+01
8.000000000000000000e+00 3.720215047547655018e+01
8.000000000000000000e+00 3.989987468652000757e+01
8.000000000000000000e+00 4.281354925721529270e+01
8.000000000000000000e+00 3.210918871600464541e+01
8.000000000000000000e+00 3.631803959466975584e+01
8.000000000000000000e+00 4.155718951036029551e+01
8.000000000000000000e+00 3.898717737923585247e+01
8.000000000000000000e+00 3.792097045171708203e+01
8.000000000000000000e+00 4.341658669218482203e+01
8.000000000000000000e+00 4.146082488325576065e+01
8.000000000000000000e+00 4.272001872658765365e+01
8.000000000000000000e+00 4.281354925721529270e+01
8.000000000000000000e+00 3.659234892706397346e+01
8.000000000000000000e+00 4.136423575989287116e+01
8.000000000000000000e+00 4.033608806019741166e+01
8.000000000000000000e+00 3.861346915261564305e+01
8.000000000000000000e+00 4.180908992073374719e+01
8.000000000000000000e+00 3.933192087859427488e+01
8.000000000000000000e+00 4.154515615568197973e+01
8.000000000000000000e+00 3.701351104664349378e+01
8.000000000000000000e+00 3.631803959466975584e+01
8.000000000000000000e+00 4.317406628984580408e+01
8.000000000000000000e+00 4.012480529547775632e+01
8.000000000000000000e+00 4.606517122512408235e+01
8.000000000000000000e+00 4.261455150532503211e+01
8.000000000000000000e+00 3.827531841800927737e+01
8.000000000000000000e+00 4.437341546466758047e+01
8.000000000000000000e+00 4.508880127038198538e+01
8.000000000000000000e+00 4.282522621072771329e+01
8.000000000000000000e+00 4.117037770047780043e+01
8.000000000000000000e+00 4.036087214122112954e+01
8.000000000000000000e+00 4.113392760240625989e+01
8.000000000000000000e+00 4.293017586733136426e+01
8.000000000000000000e+00 4.415880433163923868e+01
8.000000000000000000e+00 4.294182110716777601e+01
8.000000000000000000e+00 4.297673789388859689e+01
8.000000000000000000e+00 3.870400496072725360e+01
8.000000000000000000e+00 4.332435804486893716e+01
8.000000000000000000e+00 4.134005321718877468e+01
8.000000000000000000e+00 4.112177038990417799e+01
8.000000000000000000e+00 3.761648574760805275e+01
8.000000000000000000e+00 4.531004303683676682e+01
8.000000000000000000e+00 4.246174749112429225e+01
8.000000000000000000e+00 4.304648650006176780e+01
8.000000000000000000e+00 4.317406628984580408e+01
8.000000000000000000e+00 4.294182110716777601e+01
8.000000000000000000e+00 3.840572873934303999e+01
8.000000000000000000e+00 3.697296309467230202e+01
8.000000000000000000e+00 3.652396473549934797e+01
8.000000000000000000e+00 4.491102314577123877e+01
8.000000000000000000e+00 4.291852746774986826e+01
8.000000000000000000e+00 3.949683531626299526e+01
8.000000000000000000e+00 4.161730409336962566e+01
1.600000000000000000e+01 5.175905717843013321e+01
1.600000000000000000e+01 4.198809355043403002e+01
1.600000000000000000e+01 4.423799272118932890e+01
1.600000000000000000e+01 5.389805191284746400e+01
1.600000000000000000e+01 5.086255990411807915e+01
1.600000000000000000e+01 4.949747468305832854e+01
1.600000000000000000e+01 5.127377497317707622e+01
1.600000000000000000e+01 4.943682837723309831e+01
1.600000000000000000e+01 5.389805191284746400e+01
1.600000000000000000e+01 5.126402247190517869e+01
1.600000000000000000e+01 4.702127178203498659e+01
1.600000000000000000e+01 5.348831648126532912e+01
1.600000000000000000e+01 4.836320915737498893e+01
1.600000000000000000e+01 5.210566188045211078e+01
1.600000000000000000e+01 5.253570214625479196e+01
1.600000000000000000e+01 5.117616632769593821e+01
1.600000000000000000e+01 5.340411969127475800e+01
1.600000000000000000e+01 5.138093031466051741e+01
1.600000000000000000e+01 5.345091205957106695e+01
1.600000000000000000e+01 4.958830507286975120e+01
1.600000000000000000e+01 4.851803788283281449e+01
1.600000000000000000e+01 4.996999099459594618e+01
1.600000000000000000e+01 5.073460357586328939e+01
1.600000000000000000e+01 5.248809388804284026e+01
1.600000000000000000e+01 5.135172830587107029e+01
1.600000000000000000e+01 5.225897052181567659e+01
1.600000000000000000e+01 5.028916384272063311e+01
1.600000000000000000e+01 5.303772242470447651e+01
1.600000000000000000e+01 5.122499389946278825e+01
1.600000000000000000e+01 5.419409561935691499e+01
1.600000000000000000e+01 4.746577714522327085e+01
1.600000000000000000e+01 4.876474136094643796e+01
1.600000000000000000e+01 5.375872022286245056e+01
1.600000000000000000e+01 5.070502933634887199e+01
1.600000000000000000e+01 5.335728628781640026e+01
1.600000000000000000e+01 4.704253394535630406e+01
1.600000000000000000e+01 5.187484939737174727e+01
1.600000000000000000e+01 5.208646657242167066e+01
1.600000000000000000e+01 4.856953777832356423e+01
1.600000000000000000e+01 5.042816673249187431e+01
1.600000000000000000e+01 5.055689863905815429e+01
1.600000000000000000e+01 5.280151512977634098e+01
1.600000000000000000e+01 5.264028875300742527e+01
1.600000000000000000e+01 4.961854492022111174e+01
1.600000000000000000e+01 5.372150407425316843e+01
1.600000000000000000e+01 5.279204485526204849e+01
1.600000000000000000e+01 5.300000000000000000e+01
1.600000000000000000e+01 5.377731863899500553e+01
1.600000000000000000e+01 5.481788029466298440e+01
1.600000000000000000e+01 5.233545643251810020e+01
1.600000000000000000e+01 4.876474136094643796e+01
1.600000000000000000e+01 5.295280917949490629e+01
1.600000000000000000e+01 5.184592558726288303e+01
1.600000000000000000e+01 5.210566188045211078e+01
1.600000000000000000e+01 5.484523680320835126e+01
1.600000000000000000e+01 5.285830114561004223e+01
1.600000000000000000e+01 5.196152422706631313e+01
1.600000000000000000e+01 4.783304297240559322e+01
1.600000000000000000e+01 4.951767361255978983e+01
1.600000000000000000e+01 4.675467891024383960e+01
1.600000000000000000e+01 5.461684721768549622e+01
1.600000000000000000e+01 4.927473997901967806e+01
1.600000000000000000e+01 5.275414675643990847e+01
1.600000000000000000e+01 5.309425580983313608e+01
1.600000000000000000e+01 5.042816673249187431e+01
1.600000000000000000e+01 4.989989979949859844e+01
1.600000000000000000e+01 4.992995093127971984e+01
1.600000000000000000e+01 5.320714237769211508e+01
1.600000000000000000e+01 4.996999099459594618e+01
1.600000000000000000e+01 5.386093203798092333e+01
1.600000000000000000e+01 5.239274758971893675e+01
1.600000000000000000e+01 5.272570530585627324e+01
1.600000000000000000e+01 5.280151512977634098e+01
1.600000000000000000e+01 5.352569476429054163e+01
1.600000000000000000e+01 5.325410782277739230e+01
1.600000000000000000e+01 5.391660226683428903e+01
1.600000000000000000e+01 5.249761899362675166e+01
1.600000000000000000e+01 5.096076922496362727e+01
1.600000000000000000e+01 5.392587505085105448e+01
1.600000000000000000e+01 5.301886456724625418e+01
1.600000000000000000e+01 5.407402333838309971e+01
1.600000000000000000e+01 5.304714883949937843e+01
1.600000000000000000e+01 4.939635614091387339e+01
1.600000000000000000e+01 5.289612462175277585e+01
1.600000000000000000e+01 5.134199061197374192e+01
1.600000000000000000e+01 5.626721958654079714e+01
1.600000000000000000e+01 4.995998398718718647e+01
1.600000000000000000e+01 5.139066063011838992e+01
1.600000000000000000e+01 5.332916650389353208e+01
1.600000000000000000e+01 5.371219600798313820e+01
1.600000000000000000e+01 5.104899607240087533e+01
1.600000000000000000e+01 5.253570214625479196e+01
1.600000000000000000e+01 5.182663407939975286e+01
1.600000000000000000e+01 5.419409561935691499e+01
1.600000000000000000e+01 5.472659317004850976e+01
1.600000000000000000e+01 5.184592558726288303e+01
1.600000000000000000e+01 5.145872132107442809e+01
1.600000000000000000e+01 4.995998398718718647e+01
1.600000000000000000e+01 5.274466797696237563e+01
1.600000000000000000e+01 5.379591062525106082e+01
