4.000000000000000000e+00 1.621727474022685556e+01
4.000000000000000000e+00 2.220360331117451835e+01
4.000000000000000000e+00 2.220360331117451835e+01
4.000000000000000000e+00 1.360147050873544394e+01
4.000000000000000000e+00 2.242766149200580372e+01
4.000000000000000000e+00 2.161018278497430956e+01
4.000000000000000000e+00 2.284731931759172596e+01
4.000000000000000000e+00 2.297825058615211447e+01
4.000000000000000000e+00 1.772004514666934938e+01
4.000000000000000000e+00 1.964688270438849926e+01
4.000000000000000000e+00 2.174856317093154701e+01
4.000000000000000000e+00 2.184032966784155505e+01
4.000000000000000000e+00 2.156385865284782355e+01
4.000000000000000000e+00 1.819340539866025352e+01
4.000000000000000000e+00 1.489966442575133954e+01
4.000000000000000000e+00 1.780449381476485726e+01
4.000000000000000000e+00 2.240535650240807897e+01
4.000000000000000000e+00 1.994993734326000379e+01
4.000000000000000000e+00 1.923538406167134340e+01
4.000000000000000000e+00 2.238302928559939176e+01
4.000000000000000000e+00 1.702938636592640265e+01
4.000000000000000000e+00 2.004993765576342213e+01
4.000000000000000000e+00 2.147091055358388800e+01
4.000000000000000000e+00 2.202271554554523902e+01
4.000000000000000000e+00 1.539480431834065222e+01
4.000000000000000000e+00 2.306512518934159317e+01
4.000000000000000000e+00 2.092844953645634831e+01
4.000000000000000000e+00 2.032240143290157519e+01
4.000000000000000000e+00 2.151743479135001280e+01
4.000000000000000000e+00 2.300000000000000000e+01
4.000000000000000000e+00 2.247220505424423109e+01
4.000000000000000000e+00 2.044504830026087205e+01
4.000000000000000000e+00 2.165640782770771366e+01
4.000000000000000000e+00 1.705872210923197940e+01
4.000000000000000000e+00 1.670329308849006367e+01
4.000000000000000000e+00 1.910497317454279909e+01
4.000000000000000000e+00 2.300000000000000000e+01
4.000000000000000000e+00 1.708800749063506075e+01
4.000000000000000000e+00 2.042057785666213832e+01
4.000000000000000000e+00 1.526433752247374720e+01
4.000000000000000000e+00 2.308679276123039159e+01
4.000000000000000000e+00 2.188606862823928978e+01
4.000000000000000000e+00 1.833030277982335932e+01
4.000000000000000000e+00 2.200000000000000000e+01
4.000000000000000000e+00 1.621727474022685556e+01
4.000000000000000000e+00 1.708800749063506075e+01
4.000000000000000000e+00 2.029778313018443825e+01
4.000000000000000000e+00 1.881488772222677852e+01
4.000000000000000000e+00 1.697056274847714263e+01
4.000000000000000000e+00 1.936491673103708422e+01
4.000000000000000000e+00 2.147091055358388800e+01
4.000000000000000000e+00 1.915724406066801677e+01
4.000000000000000000e+00 2.258317958127242875e+01
4.000000000000000000e+00 1.581138830084189806e+01
4.000000000000000000e+00 1.734935157289747210e+01
4.000000000000000000e+00 2.004993765576342213e+01
4.000000000000000000e+00 2.313006701244075458e+01
4.000000000000000000e+00 2.179449471770336899e+01
4.000000000000000000e+00 1.941648783894759944e+01
4.000000000000000000e+00 1.802775637731994607e+01
4.000000000000000000e+00 1.951922129594313660e+01
4.000000000000000000e+00 2.202271554554523902e+01
4.000000000000000000e+00 2.080865204668481283e+01
4.000000000000000000e+00 2.054263858417413857e+01
4.000000000000000000e+00 1.830300521772312550e+01
4.000000000000000000e+00 2.046948949045872013e+01
4.000000000000000000e+00 2.291287847477919826e+01
4.000000000000000000e+00 2.278157149978903462e+01
4.000000000000000000e+00 1.565247584249852864e+01
4.000000000000000000e+00 1.802775637731994607e+01
4.000000000000000000e+00 1.964688270438849926e+01
4.000000000000000000e+00 1.752141546793523119e+01
4.000000000000000000e+00 2.323790007724450390e+01
4.000000000000000000e+00 2.061552812808830382e+01
4.000000000000000000e+00 1.894729532149641571e+01
4.000000000000000000e+00 2.104756517984918673e+01
4.000000000000000000e+00 1.876166303929371892e+01
4.000000000000000000e+00 1.720465053408525335e+01
4.000000000000000000e+00 1.705872210923197940e+01
4.000000000000000000e+00 1.878829422805593552e+01
4.000000000000000000e+00 2.019900987672415482e+01
4.000000000000000000e+00 2.097617696340303084e+01
4.000000000000000000e+00 1.749285568453590400e+01
4.000000000000000000e+00 1.726267650163206824e+01
4.000000000000000000e+00 2.215851980616033856e+01
4.000000000000000000e+00 2.137755832643194864e+01
4.000000000000000000e+00 2.123676058159530200e+01
4.000000000000000000e+00 1.682260384126072239e+01
4.000000000000000000e+00 1.802775637731994607e+01
4.000000000000000000e+00 2.271563338320109438e+01
4.000000000000000000e+00 2.128379665379276275e+01
4.000000000000000000e+00 2.100000000000000000e+01
4.000000000000000000e+00 1.609347693943108126e+01
4.000000000000000000e+00 2.161018278497430956e+01
4.000000000000000000e+00 1.857417562100670949e+01
4.000000000000000000e+00 2.195449840010014952e+01
4.000000000000000000e+00 2.000000000000000000e+01
4.000000000000000000e+00 1.813835714721705372e+01
4.000000000000000000e+00 1.954482028569206520e+01
4.000000000000000000e+00 2.068816086557720269e+01
8.000000000000000000e+00 2.325940669922601600e+01
8.000000000000000000e+00 2.467792535850613334e+01
8.000000000000000000e+00 2.447447650104083294e+01
8.000000000000000000e+00 2.694438717061495581e+01
8.000000000000000000e+00 2.561249694973139412e+01
8.000000000000000000e+00 2.641968962724581260e+01
8.000000000000000000e+00 2.393741840717164848e+01
8.000000000000000000e+00 2.539685019840058899e+01
8.000000000000000000e+00 2.400000000000000000e+01
8.000000000000000000e+00 2.491987158875422637e+01
8.000000000000000000e+00 1.766352173265569547e+01
8.000000000000000000e+00 2.670205984563737900e+01
8.000000000000000000e+00 2.376972864800942631e+01
8.000000000000000000e+00 2.592296279363144151e+01
8.000000000000000000e+00 2.262741699796952233e+01
8.000000000000000000e+00 2.451530134426252516e+01
8.000000000000000000e+00 2.024845673131658685e+01
8.000000000000000000e+00 2.211334438749598164e+01
8.000000000000000000e+00 2.515949125081824889e+01
8.000000000000000000e+00 2.722131517763239827e+01
8.000000000000000000e+00 2.624880949681337583e+01
8.000000000000000000e+00 2.412467616362963696e+01
8.000000000000000000e+00 2.406241883103193047e+01
8.000000000000000000e+00 2.543619468395380778e+01
8.000000000000000000e+00 2.336664289109584658e+01
8.000000000000000000e+00 2.537715508089904048e+01
8.000000000000000000e+00 2.551470164434614674e+01
8.000000000000000000e+00 2.523885892824792521e+01
8.000000000000000000e+00 2.260530911091462869e+01
8.000000000000000000e+00 2.553429066960740812e+01
8.000000000000000000e+00 2.351595203260969313e+01
8.000000000000000000e+00 2.340939982143925135e+01
8.000000000000000000e+00 2.533771891863985459e+01
8.000000000000000000e+00 2.447447650104083294e+01
8.000000000000000000e+00 2.607680962081059661e+01
8.000000000000000000e+00 2.489979919597746516e+01
8.000000000000000000e+00 2.424871130596428159e+01
8.000000000000000000e+00 2.457641145488901557e+01
8.000000000000000000e+00 2.685144316419510346e+01
8.000000000000000000e+00 2.549509756796392423e+01
8.000000000000000000e+00 2.332380757938120297e+01
8.000000000000000000e+00 2.240535650240807897e+01
8.000000000000000000e+00 2.215851980616033856e+01
8.000000000000000000e+00 2.422808287917143488e+01
8.000000000000000000e+00 2.302172886644267535e+01
8.000000000000000000e+00 2.517935662402834396e+01
8.000000000000000000e+00 2.531797780234432693e+01
8.000000000000000000e+00 2.095232683975696375e+01
8.000000000000000000e+00 2.541653005427766843e+01
8.000000000000000000e+00 2.410394158638790074e+01
8.000000000000000000e+00 2.626785107312739598e+01
8.000000000000000000e+00 2.572936066053721405e+01
8.000000000000000000e+00 2.357965224510319047e+01
8.000000000000000000e+00 2.531797780234432693e+01
8.000000000000000000e+00 2.495996794869736846e+01
8.000000000000000000e+00 2.414539293529927377e+01
8.000000000000000000e+00 2.561249694973139412e+01
8.000000000000000000e+00 2.406241883103193047e+01
8.000000000000000000e+00 2.300000000000000000e+01
8.000000000000000000e+00 2.626785107312739598e+01
8.000000000000000000e+00 2.621068484416231215e+01
8.000000000000000000e+00 2.258317958127242875e+01
8.000000000000000000e+00 2.621068484416231215e+01
8.000000000000000000e+00 2.414539293529927377e+01
8.000000000000000000e+00 2.497999199359359324e+01
8.000000000000000000e+00 2.569046515733025871e+01
8.000000000000000000e+00 2.479919353527449033e+01
8.000000000000000000e+00 2.374868417407583365e+01
8.000000000000000000e+00 2.347338918861100510e+01
8.000000000000000000e+00 2.481934729198171397e+01
8.000000000000000000e+00 2.679552201394852418e+01
8.000000000000000000e+00 2.461706725018234110e+01
8.000000000000000000e+00 2.467792535850613334e+01
8.000000000000000000e+00 2.424871130596428159e+01
8.000000000000000000e+00 2.467792535850613334e+01
8.000000000000000000e+00 2.600000000000000000e+01
8.000000000000000000e+00 2.362202362203543515e+01
8.000000000000000000e+00 2.242766149200580372e+01
8.000000000000000000e+00 2.400000000000000000e+01
8.000000000000000000e+00 1.876166303929371892e+01
8.000000000000000000e+00 2.803569153775237410e+01
8.000000000000000000e+00 2.638181191654583913e+01
8.000000000000000000e+00 2.559296778413945361e+01
8.000000000000000000e+00 2.493992782667985253e+01
8.000000000000000000e+00 2.463736998950983903e+01
8.000000000000000000e+00 2.395829710142187707e+01
8.000000000000000000e+00 2.400000000000000000e+01
8.000000000000000000e+00 2.497999199359359324e+01
8.000000000000000000e+00 2.455605831561734931e+01
8.000000000000000000e+00 2.376972864800942631e+01
8.000000000000000000e+00 2.690724809414741969e+01
8.000000000000000000e+00 2.640075756488817049e+01
8.000000000000000000e+00 2.655183609470350703e+01
8.000000000000000000e+00 2.336664289109584658e+01
8.000000000000000000e+00 2.289104628451919510e+01
8.000000000000000000e+00 2.343074902771996193e+01
8.000000000000000000e+00 2.379075450674063674e+01
8.000000000000000000e+00 2.431049156228643682e+01
8.000000000000000000e+00 1.849324200890692893e+01
8.000000000000000000e+00 2.707397274136176790e+01
1.600000000000000000e+01 3.346640106136302251e+01
1.600000000000000000e+01 3.218695387886216253e+01
1.600000000000000000e+01 3.168595903550971826e+01
1.600000000000000000e+01 3.052867504494749440e+01
1.600000000000000000e+01 3.280243893371345365e+01
1.600000000000000000e+01 2.858321185591290359e+01
1.600000000000000000e+01 3.034798181098703651e+01
1.600000000000000000e+01 3.111269837220809364e+01
1.600000000000000000e+01 3.231098884280702066e+01
1.600000000000000000e+01 3.062678566222711041e+01
1.600000000000000000e+01 2.853068523537421086e+01
1.600000000000000000e+01 3.171750305430741079e+01
1.600000000000000000e+01 3.238826948140329165e+01
1.600000000000000000e+01 2.971531591620725266e+01
1.600000000000000000e+01 3.176476034853718033e+01
1.600000000000000000e+01 3.077336510685823612e+01
1.600000000000000000e+01 3.224903099319419653e+01
1.600000000000000000e+01 2.707397274136176790e+01
1.600000000000000000e+01 3.052867504494749440e+01
1.600000000000000000e+01 3.143246729100342307e+01
1.600000000000000000e+01 3.313608305156178346e+01
1.600000000000000000e+01 3.167017524422623254e+01
1.600000000000000000e+01 3.125699921617556853e+01
1.600000000000000000e+01 3.209361307176242661e+01
1.600000000000000000e+01 2.868797657556210368e+01
1.600000000000000000e+01 3.065941943351178267e+01
1.600000000000000000e+01 3.108054053584010745e+01
1.600000000000000000e+01 2.884441020371191300e+01
1.600000000000000000e+01 3.103224129836580403e+01
1.600000000000000000e+01 3.095157508108432154e+01
1.600000000000000000e+01 3.083828789021854888e+01
1.600000000000000000e+01 3.117691453623978859e+01
1.600000000000000000e+01 3.223352292257239782e+01
1.600000000000000000e+01 3.034798181098703651e+01
1.600000000000000000e+01 3.241913015489465266e+01
1.600000000000000000e+01 3.103224129836580403e+01
1.600000000000000000e+01 2.870540018881464661e+01
1.600000000000000000e+01 3.196873472629156154e+01
1.600000000000000000e+01 3.077336510685823612e+01
1.600000000000000000e+01 3.078960863668130443e+01
1.600000000000000000e+01 3.052867504494749440e+01
1.600000000000000000e+01 3.168595903550971826e+01
1.600000000000000000e+01 3.160696125855821492e+01
1.600000000000000000e+01 3.209361307176242661e+01
1.600000000000000000e+01 2.657066051117284644e+01
1.600000000000000000e+01 3.232645975048922793e+01
1.600000000000000000e+01 3.003331483536241464e+01
1.600000000000000000e+01 3.138470965295043058e+01
1.600000000000000000e+01 3.056141357987225149e+01
1.600000000000000000e+01 3.091924966748061365e+01
1.600000000000000000e+01 3.178049716414140846e+01
1.600000000000000000e+01 3.159113799786262788e+01
1.600000000000000000e+01 3.143246729100342307e+01
1.600000000000000000e+01 3.238826948140329165e+01
1.600000000000000000e+01 2.963106478005810729e+01
1.600000000000000000e+01 3.043024810940587699e+01
1.600000000000000000e+01 3.117691453623978859e+01
1.600000000000000000e+01 3.274141108748980145e+01
1.600000000000000000e+01 3.263433774416144217e+01
1.600000000000000000e+01 3.176476034853718033e+01
1.600000000000000000e+01 3.130495168499705727e+01
1.600000000000000000e+01 2.760434748368452063e+01
1.600000000000000000e+01 3.226453160980335610e+01
1.600000000000000000e+01 3.146426544510454448e+01
1.600000000000000000e+01 2.918903903865284732e+01
1.600000000000000000e+01 3.069201850644561347e+01
1.600000000000000000e+01 3.127299154222377808e+01
1.600000000000000000e+01 3.046309242345563462e+01
1.600000000000000000e+01 3.167017524422623254e+01
1.600000000000000000e+01 3.108054053584010745e+01
1.600000000000000000e+01 3.152776554086889149e+01
1.600000000000000000e+01 3.116087290176576730e+01
1.600000000000000000e+01 3.144837038703277443e+01
1.600000000000000000e+01 3.067572330035593353e+01
1.600000000000000000e+01 2.968164415931165934e+01
1.600000000000000000e+01 3.049590136395381279e+01
1.600000000000000000e+01 3.151190251317746061e+01
1.600000000000000000e+01 3.065941943351178267e+01
1.600000000000000000e+01 3.062678566222711041e+01
1.600000000000000000e+01 3.179622619116929272e+01
1.600000000000000000e+01 3.266496594212215143e+01
1.600000000000000000e+01 3.082207001484487918e+01
1.600000000000000000e+01 3.090307428072488705e+01
1.600000000000000000e+01 2.984962311319859651e+01
1.600000000000000000e+01 3.232645975048922793e+01
1.600000000000000000e+01 2.787471972953270694e+01
1.600000000000000000e+01 3.173326330524486139e+01
1.600000000000000000e+01 3.272613634390714310e+01
1.600000000000000000e+01 3.059411708155670695e+01
1.600000000000000000e+01 3.128897569432403003e+01
1.600000000000000000e+01 3.207802986469087614e+01
1.600000000000000000e+01 3.122498999199198977e+01
1.600000000000000000e+01 3.187475490101845566e+01
1.600000000000000000e+01 3.224903099319419653e+01
1.600000000000000000e+01 3.237282811247729342e+01
1.600000000000000000e+01 2.947880594596735193e+01
1.600000000000000000e+01 3.019933774108299929e+01
1.600000000000000000e+01 3.174901573277508859e+01
1.600000000000000000e+01 3.264965543462901820e+01
1.600000000000000000e+01 3.108054053584010745e+01
