4.000000000000000000e+00 2.621068484416231215e+01
4.000000000000000000e+00 2.321637353248780045e+01
4.000000000000000000e+00 1.717556403731766679e+01
4.000000000000000000e+00 2.177154105707723986e+01
4.000000000000000000e+00 2.426932219902319332e+01
4.000000000000000000e+00 2.071231517720798010e+01
4.000000000000000000e+00 2.273763400180414607e+01
4.000000000000000000e+00 2.489979919597746516e+01
4.000000000000000000e+00 2.282542442102665348e+01
4.000000000000000000e+00 1.868154169226940553e+01
4.000000000000000000e+00 2.247220505424423109e+01
4.000000000000000000e+00 2.580697580112788003e+01
4.000000000000000000e+00 2.601922366251537611e+01
4.000000000000000000e+00 2.121320343559642652e+01
4.000000000000000000e+00 2.557342370508884244e+01
4.000000000000000000e+00 2.193171219946130890e+01
4.000000000000000000e+00 1.907878402833891229e+01
4.000000000000000000e+00 2.643860813280457123e+01
4.000000000000000000e+00 2.647640458974745314e+01
4.000000000000000000e+00 2.567099530598687096e+01
4.000000000000000000e+00 2.184032966784155505e+01
4.000000000000000000e+00 2.066397831977182520e+01
4.000000000000000000e+00 2.147091055358388800e+01
4.000000000000000000e+00 2.393741840717164848e+01
4.000000000000000000e+00 2.170253441421070661e+01
4.000000000000000000e+00 2.211334438749598164e+01
4.000000000000000000e+00 2.643860813280457123e+01
4.000000000000000000e+00 1.951922129594313660e+01
4.000000000000000000e+00 2.313006701244075458e+01
4.000000000000000000e+00 2.163330765278393386e+01
4.000000000000000000e+00 2.435159132377184221e+01
4.000000000000000000e+00 2.443358344574123109e+01
4.000000000000000000e+00 2.567099530598687096e+01
4.000000000000000000e+00 2.090454496036687360e+01
4.000000000000000000e+00 2.617250465660480074e+01
4.000000000000000000e+00 2.688865931949750276e+01
4.000000000000000000e+00 2.140093455903269515e+01
4.000000000000000000e+00 2.128379665379276275e+01
4.000000000000000000e+00 2.227105745132008607e+01
4.000000000000000000e+00 2.703701166919154986e+01
4.000000000000000000e+00 1.830300521772312550e+01
4.000000000000000000e+00 2.372762103540934575e+01
4.000000000000000000e+00 1.846618531261938756e+01
4.000000000000000000e+00 2.275961335348208436e+01
4.000000000000000000e+00 2.404163056034261814e+01
4.000000000000000000e+00 2.334523505985750447e+01
4.000000000000000000e+00 1.410673597966588488e+01
4.000000000000000000e+00 2.142428528562854950e+01
4.000000000000000000e+00 2.515949125081824889e+01
4.000000000000000000e+00 2.428991560298223717e+01
4.000000000000000000e+00 2.236067977499789805e+01
4.000000000000000000e+00 2.267156809750926882e+01
4.000000000000000000e+00 2.325940669922601600e+01
4.000000000000000000e+00 2.100000000000000000e+01
4.000000000000000000e+00 2.525866188063017859e+01
4.000000000000000000e+00 1.868154169226940553e+01
4.000000000000000000e+00 2.547547840571399291e+01
4.000000000000000000e+00 1.987460691435179072e+01
4.000000000000000000e+00 2.293468988235942874e+01
4.000000000000000000e+00 1.385640646055101755e+01
4.000000000000000000e+00 1.824828759089465890e+01
4.000000000000000000e+00 2.445403852127496691e+01
4.000000000000000000e+00 2.260530911091462869e+01
4.000000000000000000e+00 2.503996805109782997e+01
4.000000000000000000e+00 2.355843797877949441e+01
4.000000000000000000e+00 2.658947160061666182e+01
4.000000000000000000e+00 2.385372088375312671e+01
4.000000000000000000e+00 2.397915761656359734e+01
4.000000000000000000e+00 2.376972864800942631e+01
4.000000000000000000e+00 2.477902338672773297e+01
4.000000000000000000e+00 2.586503431275512455e+01
4.000000000000000000e+00 2.475883680627989492e+01
4.000000000000000000e+00 2.264950330581224947e+01
4.000000000000000000e+00 2.658947160061666182e+01
4.000000000000000000e+00 2.688865931949750276e+01
4.000000000000000000e+00 2.202271554554523902e+01
4.000000000000000000e+00 2.519920633670830412e+01
4.000000000000000000e+00 2.447447650104083294e+01
4.000000000000000000e+00 2.330236039546208815e+01
4.000000000000000000e+00 2.244994432064364887e+01
4.000000000000000000e+00 2.563201123595258935e+01
4.000000000000000000e+00 2.449489742783178059e+01
4.000000000000000000e+00 2.027313493271329392e+01
4.000000000000000000e+00 2.338803112705300080e+01
4.000000000000000000e+00 2.567099530598687096e+01
4.000000000000000000e+00 2.455605831561734931e+01
4.000000000000000000e+00 2.736786436680801771e+01
4.000000000000000000e+00 1.997498435543817763e+01
4.000000000000000000e+00 2.507987240796890660e+01
4.000000000000000000e+00 2.570992026436488231e+01
4.000000000000000000e+00 2.130727575266251606e+01
4.000000000000000000e+00 1.248999599679679662e+01
4.000000000000000000e+00 2.459674775249768786e+01
4.000000000000000000e+00 1.931320791582796659e+01
4.000000000000000000e+00 2.330236039546208815e+01
4.000000000000000000e+00 1.878829422805593552e+01
4.000000000000000000e+00 2.683281572999747766e+01
4.000000000000000000e+00 2.049390153191919595e+01
4.000000000000000000e+00 2.381176179958131556e+01
4.000000000000000000e+00 2.607680962081059661e+01
8.000000000000000000e+00 2.778488797889960793e+01
8.000000000000000000e+00 2.767670500619609442e+01
8.000000000000000000e+00 2.821347195933176977e+01
8.000000000000000000e+00 2.961418578992169515e+01
8.000000000000000000e+00 3.039736830714132765e+01
8.000000000000000000e+00 2.844292530665578411e+01
8.000000000000000000e+00 2.983286778035259701e+01
8.000000000000000000e+00 2.826658805020514009e+01
8.000000000000000000e+00 3.085449724108302405e+01
8.000000000000000000e+00 3.047950130825634218e+01
8.000000000000000000e+00 2.819574435974336879e+01
8.000000000000000000e+00 2.830194339616981125e+01
8.000000000000000000e+00 2.930870177950568944e+01
8.000000000000000000e+00 2.906888370749726747e+01
8.000000000000000000e+00 2.762245463386626554e+01
8.000000000000000000e+00 2.831960451701259274e+01
8.000000000000000000e+00 3.069201850644561347e+01
8.000000000000000000e+00 3.075711299845939806e+01
8.000000000000000000e+00 3.019933774108299929e+01
8.000000000000000000e+00 3.120897306865446907e+01
8.000000000000000000e+00 2.801785145224380003e+01
8.000000000000000000e+00 2.925747767665558641e+01
8.000000000000000000e+00 2.831960451701259274e+01
8.000000000000000000e+00 2.410394158638790074e+01
8.000000000000000000e+00 3.014962686336266984e+01
8.000000000000000000e+00 2.782085548648711182e+01
8.000000000000000000e+00 2.930870177950568944e+01
8.000000000000000000e+00 2.782085548648711182e+01
8.000000000000000000e+00 2.487971060924945732e+01
8.000000000000000000e+00 2.991655060330318250e+01
8.000000000000000000e+00 3.013303834663872749e+01
8.000000000000000000e+00 3.013303834663872749e+01
8.000000000000000000e+00 2.443358344574123109e+01
8.000000000000000000e+00 2.578759391645525412e+01
8.000000000000000000e+00 2.964793416074718735e+01
8.000000000000000000e+00 2.979932885150267907e+01
8.000000000000000000e+00 3.026549190084311292e+01
8.000000000000000000e+00 2.692582403567251959e+01
8.000000000000000000e+00 2.951270912674741353e+01
8.000000000000000000e+00 2.700000000000000000e+01
8.000000000000000000e+00 3.144837038703277443e+01
8.000000000000000000e+00 3.062678566222711041e+01
8.000000000000000000e+00 3.119294792096444269e+01
8.000000000000000000e+00 2.336664289109584658e+01
8.000000000000000000e+00 2.605762844159076508e+01
8.000000000000000000e+00 3.041381265149109581e+01
8.000000000000000000e+00 2.789265136196270589e+01
8.000000000000000000e+00 3.148015247739438749e+01
8.000000000000000000e+00 2.740437921208944161e+01
8.000000000000000000e+00 2.889636655359977979e+01
8.000000000000000000e+00 3.098386676965933617e+01
8.000000000000000000e+00 2.944486372867091362e+01
8.000000000000000000e+00 2.988310559496786922e+01
8.000000000000000000e+00 2.817800560721074277e+01
8.000000000000000000e+00 2.791057147390572624e+01
8.000000000000000000e+00 2.711088342345192004e+01
8.000000000000000000e+00 3.057776970284131224e+01
8.000000000000000000e+00 3.009983388658482184e+01
8.000000000000000000e+00 2.725802634087802190e+01
8.000000000000000000e+00 2.879236009777593708e+01
8.000000000000000000e+00 2.771281292110203509e+01
8.000000000000000000e+00 2.733130073743289756e+01
8.000000000000000000e+00 2.787471972953270694e+01
8.000000000000000000e+00 2.961418578992169515e+01
8.000000000000000000e+00 2.833725463060950744e+01
8.000000000000000000e+00 3.157530680769388809e+01
8.000000000000000000e+00 2.906888370749726747e+01
8.000000000000000000e+00 2.740437921208944161e+01
8.000000000000000000e+00 2.889636655359977979e+01
8.000000000000000000e+00 2.559296778413945361e+01
8.000000000000000000e+00 2.572936066053721405e+01
8.000000000000000000e+00 2.893095228297886479e+01
8.000000000000000000e+00 2.441311123146740414e+01
8.000000000000000000e+00 3.019933774108299929e+01
8.000000000000000000e+00 3.024896692450834834e+01
8.000000000000000000e+00 3.072458299147443128e+01
8.000000000000000000e+00 2.894822965226025602e+01
8.000000000000000000e+00 2.537715508089904048e+01
8.000000000000000000e+00 2.891366458960192176e+01
8.000000000000000000e+00 2.889636655359977979e+01
8.000000000000000000e+00 3.044667469527665560e+01
8.000000000000000000e+00 2.887905815638730189e+01
8.000000000000000000e+00 3.024896692450834834e+01
8.000000000000000000e+00 2.812472222085046525e+01
8.000000000000000000e+00 2.889636655359977979e+01
8.000000000000000000e+00 3.159113799786262788e+01
8.000000000000000000e+00 3.054504869860252825e+01
8.000000000000000000e+00 3.114482300479487265e+01
8.000000000000000000e+00 2.725802634087802190e+01
8.000000000000000000e+00 3.023243291566194912e+01
8.000000000000000000e+00 2.851315485876650513e+01
8.000000000000000000e+00 2.954657340538831178e+01
8.000000000000000000e+00 2.915475947422650194e+01
8.000000000000000000e+00 2.929163703175361988e+01
8.000000000000000000e+00 2.839013913315677939e+01
8.000000000000000000e+00 3.095157508108432154e+01
8.000000000000000000e+00 2.854820484724039531e+01
8.000000000000000000e+00 2.441311123146740414e+01
8.000000000000000000e+00 2.574878637916746627e+01
8.000000000000000000e+00 2.877498913987631468e+01
1.600000000000000000e+01 3.774917217635375266e+01
1.600000000000000000e+01 3.839270764090493060e+01
1.600000000000000000e+01 3.764306044943742080e+01
1.600000000000000000e+01 3.749666651850535004e+01
1.600000000000000000e+01 3.517101079013794873e+01
1.600000000000000000e+01 3.464101615137754209e+01
1.600000000000000000e+01 3.637306695894642417e+01
1.600000000000000000e+01 3.318132004607411289e+01
1.600000000000000000e+01 3.745664160065608428e+01
1.600000000000000000e+01 3.817066936798462962e+01
1.600000000000000000e+01 3.591656999213594048e+01
1.600000000000000000e+01 3.462657938636156985e+01
1.600000000000000000e+01 3.796050579220461429e+01
1.600000000000000000e+01 3.784177585684900436e+01
1.600000000000000000e+01 3.518522417151836379e+01
1.600000000000000000e+01 3.565108693995177447e+01
1.600000000000000000e+01 3.789459064299283142e+01
1.600000000000000000e+01 3.660601043544625099e+01
1.600000000000000000e+01 3.468429039204924891e+01
1.600000000000000000e+01 3.567912554982254392e+01
1.600000000000000000e+01 3.764306044943742080e+01
1.600000000000000000e+01 3.581898937714463216e+01
1.600000000000000000e+01 3.618010503025108449e+01
1.600000000000000000e+01 3.512833614050059339e+01
1.600000000000000000e+01 3.514256678161115843e+01
1.600000000000000000e+01 3.581898937714463216e+01
1.600000000000000000e+01 3.351119216023207770e+01
1.600000000000000000e+01 3.761648574760805275e+01
1.600000000000000000e+01 3.695943722515265506e+01
1.600000000000000000e+01 3.659234892706397346e+01
1.600000000000000000e+01 3.879432948254164870e+01
1.600000000000000000e+01 3.708099243547831492e+01
1.600000000000000000e+01 3.800000000000000000e+01
1.600000000000000000e+01 3.642801120017396954e+01
1.600000000000000000e+01 3.531288716601915212e+01
1.600000000000000000e+01 3.546829570193639825e+01
1.600000000000000000e+01 3.724244889907214429e+01
1.600000000000000000e+01 3.801315561749642313e+01
1.600000000000000000e+01 3.555277766926235472e+01
1.600000000000000000e+01 3.681032463861192383e+01
1.600000000000000000e+01 3.840572873934303999e+01
1.600000000000000000e+01 3.612478373637688378e+01
1.600000000000000000e+01 3.594440151122285698e+01
1.600000000000000000e+01 3.606937759374286401e+01
1.600000000000000000e+01 3.659234892706397346e+01
1.600000000000000000e+01 3.424908757908741563e+01
1.600000000000000000e+01 3.793415347678131866e+01
1.600000000000000000e+01 3.604164258188019687e+01
1.600000000000000000e+01 3.750999866702210284e+01
1.600000000000000000e+01 3.803945320322046797e+01
1.600000000000000000e+01 3.511409973215887703e+01
1.600000000000000000e+01 3.697296309467230202e+01
1.600000000000000000e+01 3.609709129556009088e+01
1.600000000000000000e+01 3.670149860700513500e+01
1.600000000000000000e+01 3.309078421554859517e+01
1.600000000000000000e+01 3.737646318206151363e+01
1.600000000000000000e+01 3.679673898594819548e+01
1.600000000000000000e+01 3.484250278036869020e+01
1.600000000000000000e+01 3.635931792539568619e+01
1.600000000000000000e+01 3.728270376461449587e+01
1.600000000000000000e+01 3.611094017053557792e+01
1.600000000000000000e+01 3.535533905932737753e+01
1.600000000000000000e+01 2.918903903865284732e+01
1.600000000000000000e+01 3.469870314579494419e+01
1.600000000000000000e+01 3.676955262170047689e+01
1.600000000000000000e+01 3.784177585684900436e+01
1.600000000000000000e+01 3.465544690232691494e+01
1.600000000000000000e+01 3.800000000000000000e+01
1.600000000000000000e+01 3.553871128783372058e+01
1.600000000000000000e+01 3.754996671103717176e+01
1.600000000000000000e+01 3.738983819167983569e+01
1.600000000000000000e+01 3.777565353504820678e+01
1.600000000000000000e+01 3.541186241925154832e+01
1.600000000000000000e+01 3.675595189897821058e+01
1.600000000000000000e+01 3.826225293941798355e+01
1.600000000000000000e+01 3.649657518178931781e+01
1.600000000000000000e+01 3.477067730142741908e+01
1.600000000000000000e+01 3.729611239794303401e+01
1.600000000000000000e+01 3.706750598570127408e+01
1.600000000000000000e+01 3.661966684720110266e+01
1.600000000000000000e+01 3.664696440361738894e+01
1.600000000000000000e+01 3.563705936241092331e+01
1.600000000000000000e+01 3.346640106136302251e+01
1.600000000000000000e+01 3.577708763999663688e+01
1.600000000000000000e+01 3.766961640367472341e+01
1.600000000000000000e+01 3.598610843089316091e+01
1.600000000000000000e+01 3.823610858861032114e+01
1.600000000000000000e+01 3.689173349139343117e+01
1.600000000000000000e+01 3.517101079013794873e+01
1.600000000000000000e+01 3.709447398198281576e+01
1.600000000000000000e+01 3.809199390948182185e+01
1.600000000000000000e+01 3.595830919273040394e+01
1.600000000000000000e+01 3.718870796357410313e+01
1.600000000000000000e+01 3.488552708502481892e+01
1.600000000000000000e+01 3.594440151122285698e+01
1.600000000000000000e+01 3.714835124201341898e+01
1.600000000000000000e+01 3.852272056851644777e+01
1.600000000000000000e+01 3.555277766926235472e+01
1.600000000000000000e+01 3.889730067755344578e+01
1.600000000000000000e+01 3.697296309467230202e+01
