4.000000000000000000e+00 1.252996408614166768e+01
4.000000000000000000e+00 1.095445115010332238e+01
4.000000000000000000e+00 1.493318452306807842e+01
4.000000000000000000e+00 1.476482306023340030e+01
4.000000000000000000e+00 1.341640786499873883e+01
4.000000000000000000e+00 1.473091986265623454e+01
4.000000000000000000e+00 1.157583690279022548e+01
4.000000000000000000e+00 1.479864858694874208e+01
4.000000000000000000e+00 9.746794344808963118e+00
4.000000000000000000e+00 1.382027496108525355e+01
4.000000000000000000e+00 1.292284798332008577e+01
4.000000000000000000e+00 1.307669683062202282e+01
4.000000000000000000e+00 9.848857801796103928e+00
4.000000000000000000e+00 1.009950493836207741e+01
4.000000000000000000e+00 1.330413469565007034e+01
4.000000000000000000e+00 1.414213562373095101e+01
4.000000000000000000e+00 1.178982612255159523e+01
4.000000000000000000e+00 1.303840481040529831e+01
4.000000000000000000e+00 1.392838827718411920e+01
4.000000000000000000e+00 1.315294643796590535e+01
4.000000000000000000e+00 1.545962483374030683e+01
4.000000000000000000e+00 1.410673597966588488e+01
4.000000000000000000e+00 1.341640786499873883e+01
4.000000000000000000e+00 1.431782106327635340e+01
4.000000000000000000e+00 1.421267040355189515e+01
4.000000000000000000e+00 1.555634918610404682e+01
4.000000000000000000e+00 1.655294535724684835e+01
4.000000000000000000e+00 1.469693845669906729e+01
4.000000000000000000e+00 1.319090595827291956e+01
4.000000000000000000e+00 1.523154621172781731e+01
4.000000000000000000e+00 1.577973383805949936e+01
4.000000000000000000e+00 1.260952021291849157e+01
4.000000000000000000e+00 1.486606874731850603e+01
4.000000000000000000e+00 9.219544457292887074e+00
4.000000000000000000e+00 1.532970971675589134e+01
4.000000000000000000e+00 1.558845726811989429e+01
4.000000000000000000e+00 1.248999599679679662e+01
4.000000000000000000e+00 1.319090595827291956e+01
4.000000000000000000e+00 1.356465996625053627e+01
4.000000000000000000e+00 1.382027496108525355e+01
4.000000000000000000e+00 1.428285685708570085e+01
4.000000000000000000e+00 1.532970971675589134e+01
4.000000000000000000e+00 1.500000000000000000e+01
4.000000000000000000e+00 1.363818169698585514e+01
4.000000000000000000e+00 9.899494936611665352e+00
4.000000000000000000e+00 1.296148139681572076e+01
4.000000000000000000e+00 1.571623364550171154e+01
4.000000000000000000e+00 1.090871211463571377e+01
4.000000000000000000e+00 1.356465996625053627e+01
4.000000000000000000e+00 1.431782106327635340e+01
4.000000000000000000e+00 1.410673597966588488e+01
4.000000000000000000e+00 1.385640646055101755e+01
4.000000000000000000e+00 1.590597372058686609e+01
4.000000000000000000e+00 1.526433752247374720e+01
4.000000000000000000e+00 1.367479433117734366e+01
4.000000000000000000e+00 1.459451951932642366e+01
4.000000000000000000e+00 1.307669683062202282e+01
4.000000000000000000e+00 1.536229149573721564e+01
4.000000000000000000e+00 1.118033988749894903e+01
4.000000000000000000e+00 1.311487704860400072e+01
4.000000000000000000e+00 1.396424004376894068e+01
4.000000000000000000e+00 1.292284798332008577e+01
4.000000000000000000e+00 1.048808848170151542e+01
4.000000000000000000e+00 1.417744687875782539e+01
4.000000000000000000e+00 1.349073756323204165e+01
4.000000000000000000e+00 1.284523257866512935e+01
4.000000000000000000e+00 1.311487704860400072e+01
4.000000000000000000e+00 1.407124727947028830e+01
4.000000000000000000e+00 1.627882059609970611e+01
4.000000000000000000e+00 1.212435565298214080e+01
4.000000000000000000e+00 1.371130920080208782e+01
4.000000000000000000e+00 1.284523257866512935e+01
4.000000000000000000e+00 1.000000000000000000e+01
4.000000000000000000e+00 1.452583904633394951e+01
4.000000000000000000e+00 1.118033988749894903e+01
4.000000000000000000e+00 1.424780684877500647e+01
4.000000000000000000e+00 1.224744871391589029e+01
4.000000000000000000e+00 1.284523257866512935e+01
4.000000000000000000e+00 1.385640646055101755e+01
4.000000000000000000e+00 1.445683229480096088e+01
4.000000000000000000e+00 1.260952021291849157e+01
4.000000000000000000e+00 1.539480431834065222e+01
4.000000000000000000e+00 1.260952021291849157e+01
4.000000000000000000e+00 1.466287829861517977e+01
4.000000000000000000e+00 1.330413469565007034e+01
4.000000000000000000e+00 1.315294643796590535e+01
4.000000000000000000e+00 1.337908816025965208e+01
4.000000000000000000e+00 1.208304597359457233e+01
4.000000000000000000e+00 1.256980508997653523e+01
4.000000000000000000e+00 1.473091986265623454e+01
4.000000000000000000e+00 1.140175425099137918e+01
4.000000000000000000e+00 1.382027496108525355e+01
4.000000000000000000e+00 1.072380529476360778e+01
4.000000000000000000e+00 1.438749456993815734e+01
4.000000000000000000e+00 1.024695076595959797e+01
4.000000000000000000e+00 1.252996408614166768e+01
4.000000000000000000e+00 1.476482306023340030e+01
4.000000000000000000e+00 1.513274595042155646e+01
4.000000000000000000e+00 1.100000000000000000e+01
4.000000000000000000e+00 1.360147050873544394e+01
8.000000000000000000e+00 1.606237840420901009e+01
8.000000000000000000e+00 1.435270009440732331e+01
8.000000000000000000e+00 1.794435844492636178e+01
8.000000000000000000e+00 1.746424919657297892e+01
8.000000000000000000e+00 1.743559577416269590e+01
8.000000000000000000e+00 1.702938636592640265e+01
8.000000000000000000e+00 1.539480431834065222e+01
8.000000000000000000e+00 1.593737745050922783e+01
8.000000000000000000e+00 1.757839583124694727e+01
8.000000000000000000e+00 1.536229149573721564e+01
8.000000000000000000e+00 1.774823934929884928e+01
8.000000000000000000e+00 1.630950643030008962e+01
8.000000000000000000e+00 1.634013463836819113e+01
8.000000000000000000e+00 1.780449381476485726e+01
8.000000000000000000e+00 1.615549442140351033e+01
8.000000000000000000e+00 1.542724862054151203e+01
8.000000000000000000e+00 1.723368793961408585e+01
8.000000000000000000e+00 1.816590212458494946e+01
8.000000000000000000e+00 1.824828759089465890e+01
8.000000000000000000e+00 1.664331697709323876e+01
8.000000000000000000e+00 1.603121954188139853e+01
8.000000000000000000e+00 1.600000000000000000e+01
8.000000000000000000e+00 1.682260384126072239e+01
8.000000000000000000e+00 1.584297951775485913e+01
8.000000000000000000e+00 1.691153452528776313e+01
8.000000000000000000e+00 1.615549442140351033e+01
8.000000000000000000e+00 1.717556403731766679e+01
8.000000000000000000e+00 1.702938636592640265e+01
8.000000000000000000e+00 1.673320053068151125e+01
8.000000000000000000e+00 1.691153452528776313e+01
8.000000000000000000e+00 1.679285562374666441e+01
8.000000000000000000e+00 1.752141546793523119e+01
8.000000000000000000e+00 1.643167672515498268e+01
8.000000000000000000e+00 1.459451951932642366e+01
8.000000000000000000e+00 1.479864858694874208e+01
8.000000000000000000e+00 1.676305461424021104e+01
8.000000000000000000e+00 1.552417469626002422e+01
8.000000000000000000e+00 1.752141546793523119e+01
8.000000000000000000e+00 1.565247584249852864e+01
8.000000000000000000e+00 1.734935157289747210e+01
8.000000000000000000e+00 1.769180601295413169e+01
8.000000000000000000e+00 1.652271164185830443e+01
8.000000000000000000e+00 1.754992877478424518e+01
8.000000000000000000e+00 1.682260384126072239e+01
8.000000000000000000e+00 1.808314132002512409e+01
8.000000000000000000e+00 1.746424919657297892e+01
8.000000000000000000e+00 1.726267650163206824e+01
8.000000000000000000e+00 1.568438714135812262e+01
8.000000000000000000e+00 1.791647286716891685e+01
8.000000000000000000e+00 1.667333200053306541e+01
8.000000000000000000e+00 1.766352173265569547e+01
8.000000000000000000e+00 1.529705854077835347e+01
8.000000000000000000e+00 1.673320053068151125e+01
8.000000000000000000e+00 1.466287829861517977e+01
8.000000000000000000e+00 1.637070554374490072e+01
8.000000000000000000e+00 1.526433752247374720e+01
8.000000000000000000e+00 1.694107434609741603e+01
8.000000000000000000e+00 1.717556403731766679e+01
8.000000000000000000e+00 1.757839583124694727e+01
8.000000000000000000e+00 1.640121946685672683e+01
8.000000000000000000e+00 1.655294535724684835e+01
8.000000000000000000e+00 1.593737745050922783e+01
8.000000000000000000e+00 1.615549442140351033e+01
8.000000000000000000e+00 1.345362404707370985e+01
8.000000000000000000e+00 1.615549442140351033e+01
8.000000000000000000e+00 1.763519208854839704e+01
8.000000000000000000e+00 1.539480431834065222e+01
8.000000000000000000e+00 1.658312395177699727e+01
8.000000000000000000e+00 1.714642819948224428e+01
8.000000000000000000e+00 1.649242250247064234e+01
8.000000000000000000e+00 1.816590212458494946e+01
8.000000000000000000e+00 1.637070554374490072e+01
8.000000000000000000e+00 1.637070554374490072e+01
8.000000000000000000e+00 1.526433752247374720e+01
8.000000000000000000e+00 1.513274595042155646e+01
8.000000000000000000e+00 1.723368793961408585e+01
8.000000000000000000e+00 1.700000000000000000e+01
8.000000000000000000e+00 1.400000000000000000e+01
8.000000000000000000e+00 1.532970971675589134e+01
8.000000000000000000e+00 1.435270009440732331e+01
8.000000000000000000e+00 1.676305461424021104e+01
8.000000000000000000e+00 1.760681686165900928e+01
8.000000000000000000e+00 1.682260384126072239e+01
8.000000000000000000e+00 1.500000000000000000e+01
8.000000000000000000e+00 1.800000000000000000e+01
8.000000000000000000e+00 1.606237840420901009e+01
8.000000000000000000e+00 1.584297951775485913e+01
8.000000000000000000e+00 1.562049935181330795e+01
8.000000000000000000e+00 1.819340539866025352e+01
8.000000000000000000e+00 1.664331697709323876e+01
8.000000000000000000e+00 1.760681686165900928e+01
8.000000000000000000e+00 1.808314132002512409e+01
8.000000000000000000e+00 1.503329637837290811e+01
8.000000000000000000e+00 1.682260384126072239e+01
8.000000000000000000e+00 1.679285562374666441e+01
8.000000000000000000e+00 1.763519208854839704e+01
8.000000000000000000e+00 1.774823934929884928e+01
8.000000000000000000e+00 1.661324772583614973e+01
8.000000000000000000e+00 1.640121946685672683e+01
8.000000000000000000e+00 1.565247584249852864e+01
1.600000000000000000e+01 1.992485884517127559e+01
1.600000000000000000e+01 2.092844953645634831e+01
1.600000000000000000e+01 2.135415650406262245e+01
1.600000000000000000e+01 2.149418526020467723e+01
1.600000000000000000e+01 2.133072900770154234e+01
1.600000000000000000e+01 2.051828452868319275e+01
1.600000000000000000e+01 2.193171219946130890e+01
1.600000000000000000e+01 2.037154878746336095e+01
1.600000000000000000e+01 2.109502310972898798e+01
1.600000000000000000e+01 2.034698994937580352e+01
1.600000000000000000e+01 2.140093455903269515e+01
1.600000000000000000e+01 2.056696380120312995e+01
1.600000000000000000e+01 1.830300521772312550e+01
1.600000000000000000e+01 2.135415650406262245e+01
1.600000000000000000e+01 2.002498439450078749e+01
1.600000000000000000e+01 1.982422760159900932e+01
1.600000000000000000e+01 2.154065922853801496e+01
1.600000000000000000e+01 2.158703314492290204e+01
1.600000000000000000e+01 2.109502310972898798e+01
1.600000000000000000e+01 2.213594362117865799e+01
1.600000000000000000e+01 2.111871208194287419e+01
1.600000000000000000e+01 2.095232683975696375e+01
1.600000000000000000e+01 2.116601048851672573e+01
1.600000000000000000e+01 2.104756517984918673e+01
1.600000000000000000e+01 2.144761058952721555e+01
1.600000000000000000e+01 2.024845673131658685e+01
1.600000000000000000e+01 2.034698994937580352e+01
1.600000000000000000e+01 1.897366596101027625e+01
1.600000000000000000e+01 2.009975124224177989e+01
1.600000000000000000e+01 2.172556098240043099e+01
1.600000000000000000e+01 2.211334438749598164e+01
1.600000000000000000e+01 2.137755832643194864e+01
1.600000000000000000e+01 2.174856317093154701e+01
1.600000000000000000e+01 2.063976744055029400e+01
1.600000000000000000e+01 2.220360331117451835e+01
1.600000000000000000e+01 2.059126028197400160e+01
1.600000000000000000e+01 2.140093455903269515e+01
1.600000000000000000e+01 2.063976744055029400e+01
1.600000000000000000e+01 2.179449471770336899e+01
1.600000000000000000e+01 2.111871208194287419e+01
1.600000000000000000e+01 2.066397831977182520e+01
1.600000000000000000e+01 2.032240143290157519e+01
1.600000000000000000e+01 2.037154878746336095e+01
1.600000000000000000e+01 2.076053949202669457e+01
1.600000000000000000e+01 1.907878402833891229e+01
1.600000000000000000e+01 2.095232683975696375e+01
1.600000000000000000e+01 2.114237451186597383e+01
1.600000000000000000e+01 2.184032966784155505e+01
1.600000000000000000e+01 2.063976744055029400e+01
1.600000000000000000e+01 2.156385865284782355e+01
1.600000000000000000e+01 1.852025917745213590e+01
1.600000000000000000e+01 2.123676058159530200e+01
1.600000000000000000e+01 2.090454496036687360e+01
1.600000000000000000e+01 2.126029162546929996e+01
1.600000000000000000e+01 2.090454496036687360e+01
1.600000000000000000e+01 2.135415650406262245e+01
1.600000000000000000e+01 2.019900987672415482e+01
1.600000000000000000e+01 2.039607805437113797e+01
1.600000000000000000e+01 1.964688270438849926e+01
1.600000000000000000e+01 2.130727575266251606e+01
1.600000000000000000e+01 2.056696380120312995e+01
1.600000000000000000e+01 1.833030277982335932e+01
1.600000000000000000e+01 1.910497317454279909e+01
1.600000000000000000e+01 2.080865204668481283e+01
1.600000000000000000e+01 1.852025917745213590e+01
1.600000000000000000e+01 2.024845673131658685e+01
1.600000000000000000e+01 2.137755832643194864e+01
1.600000000000000000e+01 1.974841765813149763e+01
1.600000000000000000e+01 2.144761058952721555e+01
1.600000000000000000e+01 2.170253441421070661e+01
1.600000000000000000e+01 2.156385865284782355e+01
1.600000000000000000e+01 1.931320791582796659e+01
1.600000000000000000e+01 2.174856317093154701e+01
1.600000000000000000e+01 2.172556098240043099e+01
1.600000000000000000e+01 2.170253441421070661e+01
1.600000000000000000e+01 2.144761058952721555e+01
1.600000000000000000e+01 2.054263858417413857e+01
1.600000000000000000e+01 2.126029162546929996e+01
1.600000000000000000e+01 2.046948949045872013e+01
1.600000000000000000e+01 2.088061301782110135e+01
1.600000000000000000e+01 1.941648783894759944e+01
1.600000000000000000e+01 2.078460969082652809e+01
1.600000000000000000e+01 1.979898987322333070e+01
1.600000000000000000e+01 2.142428528562854950e+01
1.600000000000000000e+01 2.037154878746336095e+01
1.600000000000000000e+01 2.046948949045872013e+01
1.600000000000000000e+01 2.154065922853801496e+01
1.600000000000000000e+01 2.097617696340303084e+01
1.600000000000000000e+01 2.135415650406262245e+01
1.600000000000000000e+01 2.144761058952721555e+01
1.600000000000000000e+01 1.926136028425822388e+01
1.600000000000000000e+01 2.135415650406262245e+01
1.600000000000000000e+01 2.200000000000000000e+01
1.600000000000000000e+01 2.140093455903269515e+01
1.600000000000000000e+01 2.161018278497430956e+01
1.600000000000000000e+01 1.926136028425822388e+01
1.600000000000000000e+01 2.181742422927142755e+01
1.600000000000000000e+01 2.260530911091462869e+01
1.600000000000000000e+01 2.116601048851672573e+01
1.600000000000000000e+01 2.027313493271329392e+01
