4.000000000000000000e+00 4.487761134463374901e+01
4.000000000000000000e+00 3.901281840626231912e+01
4.000000000000000000e+00 4.548626166217663780e+01
4.000000000000000000e+00 4.241462012089699130e+01
4.000000000000000000e+00 4.576024475459020380e+01
4.000000000000000000e+00 5.324471804789654783e+01
4.000000000000000000e+00 4.117037770047780043e+01
4.000000000000000000e+00 5.279204485526204849e+01
4.000000000000000000e+00 4.167733196834941367e+01
4.000000000000000000e+00 5.152669211195299681e+01
4.000000000000000000e+00 4.101219330881976077e+01
4.000000000000000000e+00 3.581898937714463216e+01
4.000000000000000000e+00 4.446346815083141735e+01
4.000000000000000000e+00 4.560701700396551672e+01
4.000000000000000000e+00 4.770744176750625343e+01
4.000000000000000000e+00 4.702127178203498659e+01
4.000000000000000000e+00 5.513619500836088605e+01
4.000000000000000000e+00 5.418486873657626290e+01
4.000000000000000000e+00 5.041825066382212128e+01
4.000000000000000000e+00 5.111751167652823113e+01
4.000000000000000000e+00 4.966890375275057323e+01
4.000000000000000000e+00 2.906888370749726747e+01
4.000000000000000000e+00 4.062019202317980415e+01
4.000000000000000000e+00 5.137119815616529195e+01
4.000000000000000000e+00 4.202380277890139126e+01
4.000000000000000000e+00 5.142956348249516907e+01
4.000000000000000000e+00 5.432310742216428423e+01
4.000000000000000000e+00 2.971531591620725266e+01
4.000000000000000000e+00 4.845616575834286976e+01
4.000000000000000000e+00 5.288667128870940815e+01
4.000000000000000000e+00 4.013726448077895270e+01
4.000000000000000000e+00 4.658325879540846159e+01
4.000000000000000000e+00 4.729693436154187225e+01
4.000000000000000000e+00 3.796050579220461429e+01
4.000000000000000000e+00 4.459820624195551630e+01
4.000000000000000000e+00 4.888762624632126830e+01
4.000000000000000000e+00 4.513313638558702934e+01
4.000000000000000000e+00 4.823898838076934936e+01
4.000000000000000000e+00 4.563989482897610372e+01
4.000000000000000000e+00 4.158124577258357846e+01
4.000000000000000000e+00 5.165268628057982880e+01
4.000000000000000000e+00 4.439594576084622446e+01
4.000000000000000000e+00 3.286335345030996535e+01
4.000000000000000000e+00 4.074309757492672190e+01
4.000000000000000000e+00 3.649657518178931781e+01
4.000000000000000000e+00 3.604164258188019687e+01
4.000000000000000000e+00 5.333854141237834767e+01
4.000000000000000000e+00 4.802082881417187821e+01
4.000000000000000000e+00 4.856953777832356423e+01
4.000000000000000000e+00 5.181698563212646036e+01
4.000000000000000000e+00 5.210566188045211078e+01
4.000000000000000000e+00 4.673328578219169316e+01
4.000000000000000000e+00 4.117037770047780043e+01
4.000000000000000000e+00 4.988987873306568588e+01
4.000000000000000000e+00 5.069516742254630515e+01
4.000000000000000000e+00 4.784349485562274396e+01
4.000000000000000000e+00 4.335896677735760107e+01
4.000000000000000000e+00 3.777565353504820678e+01
4.000000000000000000e+00 4.873397172404481381e+01
4.000000000000000000e+00 4.803123983409130915e+01
4.000000000000000000e+00 5.449770637375485194e+01
4.000000000000000000e+00 4.986983055916672924e+01
4.000000000000000000e+00 3.822302970723278293e+01
4.000000000000000000e+00 4.811444689487763071e+01
4.000000000000000000e+00 5.339475629684997671e+01
4.000000000000000000e+00 4.583666654546335906e+01
4.000000000000000000e+00 4.578209256903839020e+01
4.000000000000000000e+00 4.610856753359401239e+01
4.000000000000000000e+00 4.837354648979129479e+01
4.000000000000000000e+00 4.320879540093660154e+01
4.000000000000000000e+00 5.247856705360770491e+01
4.000000000000000000e+00 4.437341546466758047e+01
4.000000000000000000e+00 4.878524367060187217e+01
4.000000000000000000e+00 4.715930449020638093e+01
4.000000000000000000e+00 4.553020975132884018e+01
4.000000000000000000e+00 4.907137658554118786e+01
4.000000000000000000e+00 4.856953777832356423e+01
4.000000000000000000e+00 4.912229636326054560e+01
4.000000000000000000e+00 4.378355855797926921e+01
4.000000000000000000e+00 4.965883607174054504e+01
4.000000000000000000e+00 3.777565353504820678e+01
4.000000000000000000e+00 4.891829923454003648e+01
4.000000000000000000e+00 4.763402145525821396e+01
4.000000000000000000e+00 5.337602458033007480e+01
4.000000000000000000e+00 4.401136216933077350e+01
4.000000000000000000e+00 5.000999900019994726e+01
4.000000000000000000e+00 4.842520005121300386e+01
4.000000000000000000e+00 4.087786687193938917e+01
4.000000000000000000e+00 5.072474741188959513e+01
4.000000000000000000e+00 4.484417464955732413e+01
4.000000000000000000e+00 4.863126566315131072e+01
4.000000000000000000e+00 5.339475629684997671e+01
4.000000000000000000e+00 4.661544808322666000e+01
4.000000000000000000e+00 4.955804677345546594e+01
4.000000000000000000e+00 5.091168824543142790e+01
4.000000000000000000e+00 4.155718951036029551e+01
4.000000000000000000e+00 4.259107887809371107e+01
4.000000000000000000e+00 3.342154993413680586e+01
4.000000000000000000e+00 4.498888751680797071e+01
4.000000000000000000e+00 3.357082066318903202e+01
8.000000000000000000e+00 5.703507692639679760e+01
8.000000000000000000e+00 5.934644049983116076e+01
8.000000000000000000e+00 5.782732917920384352e+01
8.000000000000000000e+00 6.182232606429493416e+01
8.000000000000000000e+00 6.214499175315739166e+01
8.000000000000000000e+00 5.802585630561603125e+01
8.000000000000000000e+00 6.054750201288241129e+01
8.000000000000000000e+00 5.345091205957106695e+01
8.000000000000000000e+00 5.695612346359256861e+01
8.000000000000000000e+00 5.953150426454886457e+01
8.000000000000000000e+00 5.233545643251810020e+01
8.000000000000000000e+00 6.062177826491070221e+01
8.000000000000000000e+00 5.888123640006211446e+01
8.000000000000000000e+00 5.935486500700680068e+01
8.000000000000000000e+00 5.781868210189505675e+01
8.000000000000000000e+00 5.032891812864647818e+01
8.000000000000000000e+00 5.888123640006211446e+01
8.000000000000000000e+00 5.793962374748389976e+01
8.000000000000000000e+00 6.095079983068310980e+01
8.000000000000000000e+00 5.618718715152058252e+01
8.000000000000000000e+00 5.804308744372580264e+01
8.000000000000000000e+00 6.090155991434045291e+01
8.000000000000000000e+00 4.546427168667722185e+01
8.000000000000000000e+00 5.900847396772771702e+01
8.000000000000000000e+00 5.635601121442148553e+01
8.000000000000000000e+00 5.127377497317707622e+01
8.000000000000000000e+00 4.942671342502958964e+01
8.000000000000000000e+00 5.586591089385368747e+01
8.000000000000000000e+00 4.643274706497560089e+01
8.000000000000000000e+00 5.031898250163649777e+01
8.000000000000000000e+00 6.138403701289122694e+01
8.000000000000000000e+00 5.331978994707312580e+01
8.000000000000000000e+00 5.639148871948673758e+01
8.000000000000000000e+00 6.198386886924694039e+01
8.000000000000000000e+00 5.516339365920120485e+01
8.000000000000000000e+00 5.685068161420758059e+01
8.000000000000000000e+00 5.999166608788257093e+01
8.000000000000000000e+00 5.898304841223450978e+01
8.000000000000000000e+00 5.889821729050888877e+01
8.000000000000000000e+00 6.032412452742268982e+01
8.000000000000000000e+00 5.766281297335397937e+01
8.000000000000000000e+00 6.114736298484179144e+01
8.000000000000000000e+00 6.330876716537765247e+01
8.000000000000000000e+00 5.396295025292816661e+01
8.000000000000000000e+00 5.841232746604093506e+01
8.000000000000000000e+00 5.835237784358063351e+01
8.000000000000000000e+00 6.204030947698439746e+01
8.000000000000000000e+00 5.860887304837041256e+01
8.000000000000000000e+00 5.202883815731425443e+01
8.000000000000000000e+00 5.927056605094977471e+01
8.000000000000000000e+00 6.277738446287803242e+01
8.000000000000000000e+00 5.334791467339655924e+01
8.000000000000000000e+00 6.236184731067545783e+01
8.000000000000000000e+00 5.663920903402518547e+01
8.000000000000000000e+00 5.849786320883866608e+01
8.000000000000000000e+00 6.123724356957944792e+01
8.000000000000000000e+00 6.156297588648553898e+01
8.000000000000000000e+00 6.089334939055331120e+01
8.000000000000000000e+00 6.295236294214856798e+01
8.000000000000000000e+00 6.251399843235113707e+01
8.000000000000000000e+00 5.639148871948673758e+01
8.000000000000000000e+00 5.883876273342259822e+01
8.000000000000000000e+00 6.088513775955507867e+01
8.000000000000000000e+00 5.868560300448483957e+01
8.000000000000000000e+00 5.680668974689512396e+01
8.000000000000000000e+00 5.993329625508678760e+01
8.000000000000000000e+00 6.097540487770458384e+01
8.000000000000000000e+00 6.157109711544857333e+01
8.000000000000000000e+00 5.709640969448079062e+01
8.000000000000000000e+00 5.463515351859093983e+01
8.000000000000000000e+00 5.808614292583042271e+01
8.000000000000000000e+00 6.214499175315739166e+01
8.000000000000000000e+00 5.271622141238880488e+01
8.000000000000000000e+00 5.696490147450445818e+01
8.000000000000000000e+00 5.747173218200404676e+01
8.000000000000000000e+00 5.639148871948673758e+01
8.000000000000000000e+00 5.549774770204643204e+01
8.000000000000000000e+00 4.912229636326054560e+01
8.000000000000000000e+00 6.294441992742486036e+01
8.000000000000000000e+00 6.293647591023825072e+01
8.000000000000000000e+00 6.040695324215582218e+01
8.000000000000000000e+00 5.327288240746881343e+01
8.000000000000000000e+00 6.132699242584785537e+01
8.000000000000000000e+00 5.905082556577850283e+01
8.000000000000000000e+00 5.557877292636101174e+01
8.000000000000000000e+00 4.814561246884289147e+01
8.000000000000000000e+00 5.081338406365000537e+01
8.000000000000000000e+00 5.874521257089806170e+01
8.000000000000000000e+00 6.081118318204308792e+01
8.000000000000000000e+00 5.793099343184095318e+01
8.000000000000000000e+00 6.052272300549604722e+01
8.000000000000000000e+00 6.034069936618235630e+01
8.000000000000000000e+00 5.979130371550699152e+01
8.000000000000000000e+00 6.348228099241551092e+01
8.000000000000000000e+00 6.168468205316454345e+01
8.000000000000000000e+00 4.998999899979995121e+01
8.000000000000000000e+00 5.734980383575867080e+01
8.000000000000000000e+00 4.980963762164908815e+01
8.000000000000000000e+00 5.678908345800273594e+01
8.000000000000000000e+00 5.632938842203064667e+01
1.600000000000000000e+01 7.142128534267638429e+01
1.600000000000000000e+01 6.870953354520753464e+01
1.600000000000000000e+01 7.277362159464101410e+01
1.600000000000000000e+01 7.507995737878385967e+01
1.600000000000000000e+01 6.693280212272604501e+01
1.600000000000000000e+01 7.519973404208289480e+01
1.600000000000000000e+01 7.324616030891995422e+01
1.600000000000000000e+01 7.497332859090624879e+01
1.600000000000000000e+01 7.290404652692468801e+01
1.600000000000000000e+01 7.592759709091286879e+01
1.600000000000000000e+01 7.378346698278686233e+01
1.600000000000000000e+01 7.412826721298698374e+01
1.600000000000000000e+01 7.064700984472024459e+01
1.600000000000000000e+01 6.493073232299170172e+01
1.600000000000000000e+01 7.338937252763508923e+01
1.600000000000000000e+01 7.601315675591956733e+01
1.600000000000000000e+01 7.477298977572048955e+01
1.600000000000000000e+01 7.548509786706247837e+01
1.600000000000000000e+01 6.819090848492928103e+01
1.600000000000000000e+01 6.995712972957080922e+01
1.600000000000000000e+01 7.657675887630658451e+01
1.600000000000000000e+01 7.452516353554683803e+01
1.600000000000000000e+01 7.330757123244501372e+01
1.600000000000000000e+01 7.566372975210778407e+01
1.600000000000000000e+01 7.054785609782908296e+01
1.600000000000000000e+01 7.085195833567340173e+01
1.600000000000000000e+01 7.156116265125938014e+01
1.600000000000000000e+01 7.509993342207434353e+01
1.600000000000000000e+01 7.197916365171242603e+01
1.600000000000000000e+01 6.900724599634446577e+01
1.600000000000000000e+01 7.419568720619817270e+01
1.600000000000000000e+01 7.092249290598857669e+01
1.600000000000000000e+01 7.568355171369800871e+01
1.600000000000000000e+01 7.095068710026704650e+01
1.600000000000000000e+01 7.291776189653656104e+01
1.600000000000000000e+01 7.283543093852057382e+01
1.600000000000000000e+01 7.626270385975047361e+01
1.600000000000000000e+01 7.447818472546171620e+01
1.600000000000000000e+01 7.456540752922899173e+01
1.600000000000000000e+01 7.179136438319027036e+01
1.600000000000000000e+01 7.588807547961668831e+01
1.600000000000000000e+01 7.351870510285120019e+01
1.600000000000000000e+01 7.424284477308233932e+01
1.600000000000000000e+01 7.417546764261078351e+01
1.600000000000000000e+01 7.347788783028538262e+01
1.600000000000000000e+01 7.495331880577404604e+01
1.600000000000000000e+01 7.638062581571324472e+01
1.600000000000000000e+01 7.241546796092669069e+01
1.600000000000000000e+01 7.424284477308233932e+01
1.600000000000000000e+01 6.746109990209171769e+01
1.600000000000000000e+01 7.521303078589507152e+01
1.600000000000000000e+01 7.535914012248282745e+01
1.600000000000000000e+01 7.140028011149536269e+01
1.600000000000000000e+01 7.578918128598566284e+01
1.600000000000000000e+01 7.620367445208924551e+01
1.600000000000000000e+01 7.224956747275376756e+01
1.600000000000000000e+01 6.675327707311454617e+01
1.600000000000000000e+01 7.492663077971675989e+01
1.600000000000000000e+01 7.521967827636595416e+01
1.600000000000000000e+01 6.972087205421343015e+01
1.600000000000000000e+01 7.005711955254797374e+01
1.600000000000000000e+01 7.541883053985921492e+01
1.600000000000000000e+01 7.541883053985921492e+01
1.600000000000000000e+01 7.342342950312249172e+01
1.600000000000000000e+01 7.262231062146122440e+01
1.600000000000000000e+01 6.650563885867121883e+01
1.600000000000000000e+01 7.266360849833979785e+01
1.600000000000000000e+01 6.880406964707827910e+01
1.600000000000000000e+01 7.417546764261078351e+01
1.600000000000000000e+01 7.465252842335615924e+01
1.600000000000000000e+01 7.632168761236873422e+01
1.600000000000000000e+01 7.087312607751968585e+01
1.600000000000000000e+01 7.426977851050857282e+01
1.600000000000000000e+01 6.976388750635962310e+01
1.600000000000000000e+01 7.300684899377591819e+01
1.600000000000000000e+01 7.732399368889322488e+01
1.600000000000000000e+01 7.309582751429796588e+01
1.600000000000000000e+01 7.751128950030440024e+01
1.600000000000000000e+01 7.569676347110224413e+01
1.600000000000000000e+01 7.523961722390671980e+01
1.600000000000000000e+01 7.407428703673090808e+01
1.600000000000000000e+01 7.320519107276477655e+01
1.600000000000000000e+01 7.161703707917551753e+01
1.600000000000000000e+01 7.470609078247903767e+01
1.600000000000000000e+01 6.900724599634446577e+01
1.600000000000000000e+01 7.100000000000000000e+01
1.600000000000000000e+01 7.420242583635659628e+01
1.600000000000000000e+01 7.436396977031282063e+01
1.600000000000000000e+01 6.673080248281148386e+01
1.600000000000000000e+01 7.475961476626267199e+01
1.600000000000000000e+01 6.917369442208504893e+01
1.600000000000000000e+01 6.786015030929418401e+01
1.600000000000000000e+01 7.312318373812782113e+01
1.600000000000000000e+01 6.899275324264135634e+01
1.600000000000000000e+01 7.301369734508723752e+01
1.600000000000000000e+01 7.277362159464101410e+01
1.600000000000000000e+01 6.983552104767315427e+01
1.600000000000000000e+01 7.311634564172365458e+01
1.600000000000000000e+01 7.480641683706016920e+01
1.600000000000000000e+01 7.469939758793239548e+01
